scale: [24.4920733,  26.60402835]
shift: [8.44428116, 16.84081321]