scale: [24.395117, 34.108917]
shift: [24.865541, 33.53106 ]