scale: [26.06867645, 32.42920198, 22.29905009]
shift: [-1.25378371e-02,  1.13507532e+02,  2.63046369e+00]