scale: [24.624693, 22.600382, 14.666603]
shift: [-0.11022929, 15.963524,2.174966  ]