scale: [109.58753, 51.449017, 37.846794]
shift: [-55.25636 , -20.001333, -17.086796]