scale: [119.964195, 109.62911, 105.657364]
shift: [-59.99474 , -78.23346 , -52.926674]   