scale: [1.3826834, 1.9238795, 1.2877939, 1.]
shift: [-0.38268343, -0.9238795, -1.,  0.]