scale: [26.674109  , 29.560705,  1,  1]
shift: [0., 0., 0, 0]
